{"inputs": [[0.067, 0.811, 0.122, 0.791], [0.212, 0.663, 0.125, -0.7845], [0.08, 0.746, 0.174, 0.6908], [0.0, 0.633, 0.367, 0.4404], [0.068, 0.704, 0.228, 0.8271], [0.055, 0.734, 0.211, 0.8249], [0.108, 0.516, 0.377, 0.8746], [0.0, 0.721, 0.279, 0.9661], [0.083, 0.598, 0.318, 0.8402], [0.129, 0.7, 0.171, 0.5535], [0.133, 0.534, 0.333, 0.9673], [0.0, 0.374, 0.626, 0.7717], [0.0, 0.854, 0.146, 0.946], [0.045, 0.753, 0.201, 0.8718], [0.0, 0.276, 0.724, 0.8881], [0.0, 0.796, 0.204, 0.5927], [0.182, 0.681, 0.137, -0.8945], [0.0, 0.82, 0.18, 0.5574], [0.212, 0.512, 0.276, 0.3071], [0.055, 0.427, 0.518, 0.9534], [0.0, 0.702, 0.298, 0.7783], [0.0, 0.364, 0.636, 0.5423], [0.0, 0.887, 0.113, 0.3182], [0.0, 0.563, 0.437, 0.9521], [0.0, 0.623, 0.377, 0.8649], [0.086, 0.655, 0.259, 0.7003], [0.0, 0.585, 0.415, 0.9198], [0.0, 0.61, 0.39, 0.4939], [0.0, 0.711, 0.289, 0.6908], [0.09, 0.49, 0.42, 0.8672], [0.0, 0.446, 0.554, 0.8271], [0.0, 0.787, 0.213, 0.4019], [0.078, 0.662, 0.26, 0.9713], [0.461, 0.492, 0.047, -0.8449], [0.0, 0.465, 0.535, 0.784], [0.051, 0.772, 0.176, 0.5267], [0.026, 0.791, 0.183, 0.8977], [0.259, 0.588, 0.153, -0.962], [0.0, 0.913, 0.087, 0.636], [0.0, 0.737, 0.263, 0.979], [0.049, 0.761, 0.189, 0.9067], [0.035, 0.726, 0.239, 0.9097], [0.0, 0.622, 0.378, 0.7712], [0.0, 0.783, 0.217, 0.8225], [0.076, 0.825, 0.099, 0.6697], [0.345, 0.655, 0.0, -0.8885], [0.087, 0.709, 0.204, 0.6249], [0.098, 0.65, 0.252, 0.4404], [0.027, 0.72, 0.253, 0.9593], [0.337, 0.554, 0.11, -0.8642], [0.0, 0.185, 0.815, 0.5267], [0.0, 0.264, 0.736, 0.4199], [0.0, 0.447, 0.553, 0.8143], [0.162, 0.664, 0.174, 0.3197], [0.0, 0.179, 0.821, 0.6784], [0.157, 0.811, 0.032, -0.7364], [0.0, 0.122, 0.878, 0.802], [0.126, 0.576, 0.298, 0.5106], [0.0, 0.774, 0.226, 0.6243], [0.0, 0.414, 0.586, 0.7955], [0.0, 0.821, 0.179, 0.34], [0.185, 0.723, 0.092, -0.9898], [0.0, 0.918, 0.082, 0.7351], [0.321, 0.611, 0.069, -0.9169], [0.218, 0.66, 0.122, -0.9273], [0.0, 0.927, 0.073, 0.431], [0.025, 0.826, 0.15, 0.9381], [0.0, 0.552, 0.448, 0.5023], [0.11, 0.824, 0.066, -0.7558], [0.067, 0.788, 0.145, 0.7823], [0.142, 0.472, 0.386, 0.9517], [0.0, 0.388, 0.612, 0.835], [0.065, 0.77, 0.165, 0.9673], [0.0, 0.379, 0.621, 0.7624], [0.0, 0.732, 0.268, 0.8316], [0.0, 0.903, 0.097, 0.4215], [0.0, 0.682, 0.318, 0.4199], [0.0, 0.615, 0.385, 0.3612], [0.081, 0.785, 0.134, 0.4831], [0.235, 0.615, 0.149, -0.8313], [0.0, 0.721, 0.279, 0.8176], [0.0, 0.664, 0.336, 0.765], [0.123, 0.7, 0.177, 0.5106], [0.052, 0.796, 0.152, 0.5052], [0.0, 0.701, 0.299, 0.8689], [0.364, 0.465, 0.171, -0.5423], [0.0, 0.0, 1.0, 0.5994], [0.0, 0.253, 0.747, 0.7096], [0.0, 0.43, 0.57, 0.8906], [0.224, 0.691, 0.085, -0.9792], [0.02, 0.787, 0.194, 0.9475], [0.0, 0.81, 0.19, 0.6025], [0.286, 0.637, 0.076, -0.93], [0.0, 0.754, 0.246, 0.7351], [0.0, 0.679, 0.321, 0.6369], [0.116, 0.68, 0.204, 0.3182], [0.081, 0.658, 0.262, 0.8567], [0.0, 0.882, 0.118, 0.5267], [0.055, 0.645, 0.3, 0.9372], [0.039, 0.813, 0.148, 0.6597], [0.036, 0.859, 0.105, 0.9098], [0.0, 0.708, 0.292, 0.9125], [0.0, 0.547, 0.453, 0.9312], [0.0, 0.901, 0.099, 0.7236], [0.085, 0.588, 0.326, 0.8932], [0.0, 0.903, 0.097, 0.5423], [0.203, 0.643, 0.154, -0.938], [0.194, 0.741, 0.065, -0.7553], [0.061, 0.717, 0.221, 0.7384], [0.06, 0.759, 0.181, 0.6808], [0.0, 0.709, 0.291, 0.9435], [0.275, 0.658, 0.066, -0.9282], [0.0, 0.508, 0.492, 0.4404], [0.156, 0.519, 0.325, 0.68], [0.139, 0.506, 0.354, 0.5267], [0.085, 0.759, 0.156, 0.9307], [0.0, 0.519, 0.481, 0.5719], [0.076, 0.761, 0.162, 0.5638], [0.0, 0.488, 0.512, 0.6369], [0.096, 0.636, 0.269, 0.5469], [0.0, 0.756, 0.244, 0.7964], [0.037, 0.835, 0.128, 0.6688], [0.049, 0.541, 0.41, 0.9398], [0.0, 0.308, 0.692, 0.5423], [0.075, 0.794, 0.131, 0.5849], [0.572, 0.428, 0.0, -0.3976], [0.542, 0.139, 0.319, -0.3818], [0.0, 0.798, 0.202, 0.368], [0.0, 0.613, 0.387, 0.69], [0.046, 0.713, 0.242, 0.8321], [0.022, 0.869, 0.109, 0.9577], [0.156, 0.733, 0.111, -0.4951], [0.0, 0.697, 0.303, 0.9571], [0.295, 0.65, 0.055, -0.9709], [0.0, 0.543, 0.457, 0.6369], [0.143, 0.467, 0.389, 0.7096], [0.0, 0.68, 0.32, 0.5719], [0.0, 0.233, 0.767, 0.5106], [0.03, 0.686, 0.285, 0.9524], [0.354, 0.54, 0.106, -0.9814], [0.155, 0.845, 0.0, -0.6044], [0.0, 0.765, 0.235, 0.9059], [0.242, 0.692, 0.066, -0.9962], [0.0, 0.856, 0.144, 0.4939], [0.111, 0.664, 0.226, 0.8873], [0.209, 0.63, 0.161, -0.9025], [0.0, 0.374, 0.626, 0.7717], [0.041, 0.796, 0.163, 0.8963], [0.0, 0.179, 0.821, 0.5562], [0.0, 0.118, 0.882, 0.9424], [0.157, 0.652, 0.191, 0.4086], [0.035, 0.752, 0.213, 0.8918], [0.152, 0.669, 0.179, 0.4711], [0.0, 0.753, 0.247, 0.9153], [0.0, 0.621, 0.379, 0.9438], [0.0, 0.0, 1.0, 0.636], [0.176, 0.734, 0.09, -0.8275], [0.026, 0.922, 0.052, 0.342], [0.182, 0.391, 0.427, 0.4805], [0.107, 0.674, 0.219, 0.7418], [0.0, 0.702, 0.298, 0.8805], [0.0, 0.447, 0.553, 0.8981], [0.0, 0.706, 0.294, 0.6115], [0.103, 0.711, 0.186, 0.6088], [0.0, 0.846, 0.154, 0.7184], [0.778, 0.222, 0.0, -0.5423], [0.0, 0.39, 0.61, 0.5719], [0.006, 0.787, 0.207, 0.9967], [0.084, 0.76, 0.156, 0.9296], [0.0, 0.408, 0.592, 0.4404], [0.06, 0.724, 0.215, 0.9592], [0.032, 0.824, 0.144, 0.719], [0.0, 0.762, 0.238, 0.3612], [0.0, 0.577, 0.423, 0.765], [0.244, 0.593, 0.162, -0.5719], [0.0, 0.667, 0.333, 0.4588], [0.0, 0.72, 0.28, 0.6467], [0.362, 0.638, 0.0, -0.8591], [0.244, 0.756, 0.0, -0.4404], [0.099, 0.81, 0.092, 0.3453], [0.0, 0.714, 0.286, 0.4215], [0.0, 0.7, 0.3, 0.7184], [0.197, 0.764, 0.039, -0.804], [0.0, 0.513, 0.487, 0.9579], [0.0, 0.729, 0.271, 0.8313], [0.0, 0.659, 0.341, 0.4767], [0.0, 0.562, 0.438, 0.5994], [0.189, 0.671, 0.141, -0.4385], [0.0, 0.662, 0.338, 0.8478], [0.0, 0.812, 0.188, 0.8221], [0.316, 0.132, 0.553, 0.4215], [0.067, 0.498, 0.435, 0.9298], [0.133, 0.6, 0.266, 0.4574], [0.247, 0.594, 0.159, -0.3034], [0.0, 0.854, 0.146, 0.4404], [0.31, 0.69, 0.0, -0.8691], [0.0, 0.58, 0.42, 0.959], [0.22, 0.78, 0.0, -0.8998], [0.0, 0.552, 0.448, 0.8728], [0.05, 0.713, 0.237, 0.8547], [0.033, 0.668, 0.299, 0.9552], [0.0, 0.278, 0.722, 0.8854], [0.0, 0.5, 0.5, 0.6124], [0.0, 0.868, 0.132, 0.4939], [0.183, 0.708, 0.11, -0.9496], [0.0, 0.777, 0.223, 0.9118], [0.098, 0.515, 0.388, 0.8934], [0.545, 0.455, 0.0, -0.5859], [0.182, 0.818, 0.0, -0.4404], [0.0, 0.2, 0.8, 0.6114], [0.087, 0.663, 0.251, 0.965], [0.0, 0.777, 0.223, 0.8361], [0.085, 0.709, 0.206, 0.5789], [0.138, 0.827, 0.034, -0.8322], [0.103, 0.794, 0.103, 0.4421], [0.0, 0.792, 0.208, 0.6124], [0.0, 0.895, 0.105, 0.5434], [0.0, 0.4, 0.6, 0.4588], [0.0, 0.658, 0.342, 0.6369], [0.0, 0.737, 0.263, 0.7777], [0.197, 0.724, 0.079, -0.7474], [0.0, 0.448, 0.552, 0.5719], [0.268, 0.655, 0.077, -0.6369], [0.0, 0.0, 1.0, 0.4588], [0.0, 0.585, 0.415, 0.9393], [0.141, 0.794, 0.065, -0.4731], [0.0, 0.357, 0.643, 0.8398], [0.0, 0.556, 0.444, 0.4939], [0.0, 0.597, 0.403, 0.4019], [0.102, 0.744, 0.155, 0.8102], [0.243, 0.659, 0.098, -0.954], [0.0, 0.405, 0.595, 0.5267], [0.0, 0.435, 0.565, 0.3818], [0.0, 0.37, 0.63, 0.6249], [0.0, 0.677, 0.323, 0.8885], [0.0, 0.645, 0.355, 0.7644], [0.0, 0.926, 0.074, 0.3382], [0.028, 0.819, 0.153, 0.8462], [0.079, 0.659, 0.262, 0.956], [0.057, 0.691, 0.252, 0.9267], [0.0, 0.741, 0.259, 0.6792], [0.011, 0.862, 0.127, 0.9555], [0.146, 0.602, 0.252, 0.5098], [0.0, 0.264, 0.736, 0.4199], [0.188, 0.812, 0.0, -0.5954], [0.038, 0.765, 0.197, 0.8645], [0.056, 0.594, 0.35, 0.9506], [0.0, 0.0, 1.0, 0.5994], [0.055, 0.854, 0.091, 0.7269], [0.0, 0.946, 0.054, 0.3612], [0.191, 0.809, 0.0, -0.7096], [0.023, 0.728, 0.248, 0.9439], [0.647, 0.353, 0.0, -0.6705], [0.0, 0.861, 0.139, 0.4404], [0.0, 0.815, 0.185, 0.9413], [0.065, 0.631, 0.303, 0.8522], [0.407, 0.484, 0.109, -0.7304], [0.038, 0.832, 0.131, 0.9744], [0.048, 0.758, 0.195, 0.9093], [0.0, 0.515, 0.485, 0.9783], [0.15, 0.732, 0.118, -0.7513], [0.0, 0.885, 0.115, 0.4588], [0.161, 0.709, 0.13, -0.8316], [0.0, 0.0, 1.0, 0.4019], [0.073, 0.582, 0.345, 0.9274], [0.047, 0.739, 0.213, 0.8671], [0.0, 0.72, 0.28, 0.8442], [0.0, 0.622, 0.378, 0.8442], [0.078, 0.635, 0.287, 0.9758], [0.0, 0.681, 0.319, 0.9889], [0.152, 0.464, 0.384, 0.5411], [0.0, 0.556, 0.444, 0.9244], [0.126, 0.315, 0.559, 0.6705], [0.066, 0.735, 0.2, 0.737], [0.0, 0.907, 0.093, 0.5423], [0.0, 0.714, 0.286, 0.4215], [0.0, 0.741, 0.259, 0.9279], [0.22, 0.652, 0.127, -0.8901], [0.284, 0.603, 0.113, -0.8803], [0.282, 0.666, 0.052, -0.863], [0.0, 0.56, 0.44, 0.6696], [0.0, 0.373, 0.627, 0.95], [0.0, 0.576, 0.424, 0.8834], [0.0, 0.399, 0.601, 0.7205], [0.0, 0.898, 0.102, 0.3612], [0.0, 0.682, 0.318, 0.6369], [0.14, 0.803, 0.058, -0.7605], [0.0, 0.607, 0.393, 0.5983], [0.08, 0.608, 0.312, 0.9315], [0.313, 0.588, 0.099, -0.7906], [0.0, 0.786, 0.214, 0.9697], [0.0, 0.253, 0.747, 0.7096], [0.0, 0.713, 0.287, 0.7383], [0.0, 0.334, 0.666, 0.6114], [0.0, 0.641, 0.359, 0.4215], [0.0, 0.71, 0.29, 0.8214], [0.0, 0.899, 0.101, 0.4215], [0.0, 0.817, 0.183, 0.6682], [0.15, 0.736, 0.114, -0.6807], [0.0, 0.8, 0.2, 0.3612], [0.0, 0.674, 0.326, 0.743], [0.0, 0.914, 0.086, 0.3716], [0.0, 0.803, 0.197, 0.4497], [0.07, 0.725, 0.205, 0.6369], [0.0, 0.898, 0.102, 0.6908], [0.185, 0.716, 0.098, -0.9593], [0.0, 0.263, 0.737, 0.4215], [0.344, 0.656, 0.0, -0.8774], [0.049, 0.683, 0.269, 0.8917], [0.0, 0.375, 0.625, 0.9366], [0.197, 0.803, 0.0, -0.7283], [0.0, 0.506, 0.494, 0.5994], [0.174, 0.744, 0.082, -0.9895], [0.0, 0.422, 0.578, 0.9283], [0.0, 0.696, 0.304, 0.9731], [0.0, 0.617, 0.383, 0.357], [0.0, 0.8, 0.2, 0.7901], [0.0, 0.581, 0.419, 0.5574], [0.0, 0.25, 0.75, 0.4588], [0.0, 0.874, 0.126, 0.81], [0.023, 0.783, 0.194, 0.8896], [0.0, 0.793, 0.207, 0.7184], [0.0, 0.812, 0.188, 0.4588], [0.194, 0.781, 0.025, -0.9243], [0.0, 0.658, 0.342, 0.3818], [0.056, 0.75, 0.194, 0.8935], [0.425, 0.575, 0.0, -0.8126], [0.0, 0.731, 0.269, 0.9273], [0.282, 0.616, 0.103, -0.6558], [0.0, 0.763, 0.237, 0.7992], [0.254, 0.607, 0.139, -0.6322], [0.0, 0.646, 0.354, 0.7705], [0.0, 0.602, 0.398, 0.8379], [0.075, 0.683, 0.242, 0.9489], [0.094, 0.719, 0.188, 0.9829], [0.0, 0.713, 0.287, 0.944], [0.0, 0.461, 0.539, 0.8016], [0.057, 0.824, 0.119, 0.5773], [0.183, 0.744, 0.073, -0.7934], [0.056, 0.826, 0.117, 0.907], [0.0, 0.604, 0.396, 0.5079], [0.195, 0.73, 0.074, -0.8741], [0.276, 0.724, 0.0, -0.3959], [0.0, 0.657, 0.343, 0.7003], [0.0, 0.672, 0.328, 0.8685], [0.022, 0.796, 0.182, 0.8244], [0.0, 0.531, 0.469, 0.9516], [0.0, 0.403, 0.597, 0.836], [0.14, 0.673, 0.187, 0.8975], [0.12, 0.787, 0.093, -0.745], [0.127, 0.587, 0.285, 0.6777], [0.064, 0.841, 0.095, 0.4005], [0.0, 0.698, 0.302, 0.9457], [0.0, 0.854, 0.146, 0.4404], [0.0, 0.791, 0.209, 0.6486], [0.0, 0.655, 0.345, 0.7003], [0.0, 0.648, 0.352, 0.7156], [0.031, 0.612, 0.356, 0.9695], [0.118, 0.882, 0.0, -0.6486], [0.016, 0.842, 0.142, 0.9565], [0.025, 0.812, 0.163, 0.9602], [0.089, 0.583, 0.327, 0.9224], [0.0, 0.667, 0.333, 0.4588], [0.076, 0.784, 0.14, 0.8768], [0.172, 0.753, 0.076, -0.9136], [0.217, 0.425, 0.358, 0.5162], [0.0, 0.8, 0.2, 0.3612], [0.0, 0.679, 0.321, 0.4278], [0.045, 0.805, 0.151, 0.8122], [0.0, 0.915, 0.085, 0.3612], [0.021, 0.794, 0.186, 0.8999], [0.0, 0.291, 0.709, 0.921], [0.0, 0.0, 1.0, 0.5994], [0.0, 0.714, 0.286, 0.6369], [0.0, 0.5, 0.5, 0.7184], [0.206, 0.731, 0.063, -0.8872], [0.041, 0.792, 0.168, 0.7845], [0.12, 0.801, 0.078, -0.8175], [0.042, 0.624, 0.335, 0.926], [0.0, 0.702, 0.298, 0.9648], [0.0, 0.556, 0.444, 0.68], [0.0, 0.264, 0.736, 0.4199], [0.029, 0.886, 0.086, 0.607], [0.0, 0.536, 0.464, 0.8854], [0.0, 0.512, 0.488, 0.7707], [0.204, 0.669, 0.128, -0.9025], [0.026, 0.759, 0.215, 0.937], [0.0, 0.828, 0.172, 0.4019], [0.211, 0.693, 0.096, -0.8924], [0.0, 0.481, 0.519, 0.6597], [0.115, 0.601, 0.284, 0.5204], [0.084, 0.646, 0.27, 0.5994], [0.0, 0.334, 0.666, 0.6114], [0.0, 0.765, 0.235, 0.8225], [0.0, 0.762, 0.238, 0.3612], [0.0, 0.769, 0.231, 0.6369], [0.353, 0.647, 0.0, -0.8698], [0.0, 0.441, 0.559, 0.9586], [0.154, 0.846, 0.0, -0.4438], [0.03, 0.764, 0.206, 0.829], [0.0, 0.328, 0.672, 0.6239], [0.0, 0.345, 0.655, 0.5859], [0.0, 0.621, 0.379, 0.9847], [0.0, 0.702, 0.298, 0.5267], [0.0, 0.517, 0.483, 0.4215], [0.737, 0.263, 0.0, -0.4215], [0.0, 0.682, 0.318, 0.6369], [0.0, 0.775, 0.225, 0.8268], [0.159, 0.385, 0.456, 0.9118], [0.017, 0.922, 0.061, 0.751], [0.042, 0.736, 0.221, 0.9366], [0.0, 0.758, 0.242, 0.4291], [0.026, 0.529, 0.445, 0.9664], [0.059, 0.837, 0.104, 0.6616], [0.205, 0.652, 0.143, -0.8074], [0.0, 0.909, 0.091, 0.4404], [0.0, 0.896, 0.104, 0.5023], [0.142, 0.58, 0.278, 0.8977], [0.0, 0.738, 0.262, 0.7964], [0.0, 0.61, 0.39, 0.8074], [0.0, 0.783, 0.217, 0.3612], [0.0, 0.707, 0.293, 0.4404], [0.0, 0.724, 0.276, 0.6923], [0.051, 0.865, 0.084, 0.3164], [0.0, 0.682, 0.318, 0.4215], [0.0, 0.881, 0.119, 0.6369], [0.0, 0.839, 0.161, 0.6908], [0.0, 0.846, 0.154, 0.7184], [0.021, 0.758, 0.221, 0.9397], [0.055, 0.547, 0.398, 0.8687], [0.25, 0.672, 0.078, -0.9541], [0.0, 0.58, 0.42, 0.4404], [0.141, 0.529, 0.329, 0.4939], [0.049, 0.782, 0.169, 0.7644], [0.0, 0.714, 0.286, 0.4215], [0.115, 0.788, 0.097, -0.6677], [0.373, 0.565, 0.062, -0.8999], [0.0, 0.794, 0.206, 0.9808], [0.0, 0.872, 0.128, 0.3612], [0.0, 0.81, 0.19, 0.5093], [0.0, 0.585, 0.415, 0.9788], [0.094, 0.717, 0.188, 0.9336], [0.027, 0.897, 0.076, 0.3612], [0.017, 0.743, 0.24, 0.9625], [0.0, 0.779, 0.221, 0.3716], [0.095, 0.73, 0.176, 0.6249], [0.0, 0.323, 0.677, 0.6369], [0.113, 0.672, 0.216, 0.5204], [0.167, 0.833, 0.0, -0.5574], [0.036, 0.831, 0.134, 0.765], [0.048, 0.746, 0.206, 0.8242], [0.283, 0.686, 0.032, -0.8984], [0.088, 0.573, 0.339, 0.8885], [0.054, 0.411, 0.534, 0.9837], [0.126, 0.697, 0.177, 0.6642], [0.0, 0.814, 0.186, 0.6249], [0.0, 0.9, 0.1, 0.6369], [0.0, 0.546, 0.454, 0.8957], [0.0, 0.724, 0.276, 0.9367], [0.0, 0.659, 0.341, 0.8316], [0.0, 0.518, 0.482, 0.4199], [0.068, 0.732, 0.2, 0.5187], [0.079, 0.756, 0.165, 0.7355], [0.0, 0.881, 0.119, 0.8957], [0.247, 0.627, 0.125, -0.9163], [0.289, 0.711, 0.0, -0.7096], [0.037, 0.893, 0.07, 0.6151], [0.328, 0.65, 0.022, -0.9607], [0.0, 0.533, 0.467, 0.3875], [0.041, 0.764, 0.195, 0.8873], [0.105, 0.602, 0.293, 0.7169], [0.128, 0.639, 0.233, 0.5848], [0.0, 0.856, 0.144, 0.431], [0.327, 0.633, 0.04, -0.8462], [0.061, 0.757, 0.181, 0.9628], [0.0, 0.256, 0.744, 0.7003], [0.0, 0.722, 0.278, 0.4019], [0.118, 0.723, 0.158, 0.6449], [0.291, 0.655, 0.054, -0.9231], [0.047, 0.726, 0.227, 0.8271], [0.051, 0.739, 0.21, 0.7799], [0.11, 0.67, 0.221, 0.6093], [0.0, 0.784, 0.216, 0.5106], [0.0, 0.0, 1.0, 0.4588], [0.107, 0.561, 0.332, 0.8689], [0.014, 0.753, 0.233, 0.9604], [0.0, 0.531, 0.469, 0.3923], [0.245, 0.666, 0.089, -0.9764], [0.12, 0.798, 0.082, -0.7028], [0.0, 0.802, 0.198, 0.6866], [0.072, 0.69, 0.239, 0.9681], [0.0, 0.588, 0.412, 0.637], [0.0, 0.547, 0.453, 0.7163], [0.0, 0.263, 0.737, 0.4215], [0.0, 0.382, 0.618, 0.8271], [0.068, 0.434, 0.498, 0.9311], [0.056, 0.785, 0.159, 0.8448], [0.0, 0.484, 0.516, 0.75], [0.06, 0.94, 0.0, -0.4767], [0.144, 0.757, 0.099, -0.7629], [0.0, 0.866, 0.134, 0.8165], [0.041, 0.772, 0.186, 0.8794], [0.117, 0.652, 0.23, 0.3818], [0.0, 0.734, 0.266, 0.989], [0.0, 0.882, 0.118, 0.4215], [0.0, 0.25, 0.75, 0.4588], [0.0, 0.786, 0.214, 0.4574], [0.029, 0.81, 0.162, 0.8993], [0.041, 0.785, 0.174, 0.9042], [0.0, 0.741, 0.259, 0.4215], [0.119, 0.617, 0.265, 0.8655], [0.291, 0.709, 0.0, -0.4767], [0.0, 0.804, 0.196, 0.8747], [0.311, 0.397, 0.291, -0.3182], [0.0, 0.566, 0.434, 0.784], [0.0, 0.292, 0.708, 0.8658], [0.0, 0.714, 0.286, 0.4939], [0.0, 0.859, 0.141, 0.6808], [0.39, 0.61, 0.0, -0.4939], [0.172, 0.47, 0.358, 0.9545], [0.055, 0.746, 0.2, 0.765], [0.072, 0.652, 0.276, 0.7667], [0.207, 0.745, 0.048, -0.8228], [0.0, 0.0, 1.0, 0.4215], [0.138, 0.798, 0.064, -0.8301], [0.0, 0.586, 0.414, 0.8832], [0.0, 0.763, 0.237, 0.4215], [0.186, 0.388, 0.426, 0.4767], [0.0, 0.373, 0.627, 0.5216], [0.042, 0.845, 0.113, 0.6378], [0.0, 0.571, 0.429, 0.4588], [0.127, 0.84, 0.033, -0.875], [0.0, 0.7, 0.3, 0.4588], [0.261, 0.676, 0.063, -0.7195], [0.04, 0.774, 0.186, 0.975], [0.0, 0.861, 0.139, 0.5423], [0.0, 0.694, 0.306, 0.6486], [0.0, 0.75, 0.25, 0.4576], [0.0, 0.25, 0.75, 0.4588], [0.0, 0.82, 0.18, 0.4728], [0.0, 0.733, 0.267, 0.9806], [0.0, 0.675, 0.325, 0.7717], [0.0, 0.744, 0.256, 0.7609], [0.029, 0.712, 0.259, 0.9568], [0.085, 0.723, 0.192, 0.5267], [0.0, 0.179, 0.821, 0.6784], [0.046, 0.869, 0.085, 0.6036], [0.0, 0.323, 0.677, 0.8883], [0.391, 0.609, 0.0, -0.6705], [0.0, 0.728, 0.272, 0.6808], [0.058, 0.849, 0.093, 0.4767], [0.0, 0.704, 0.296, 0.8777], [0.0, 0.764, 0.236, 0.4754], [0.203, 0.546, 0.251, 0.7402], [0.042, 0.885, 0.073, 0.3566], [0.049, 0.76, 0.191, 0.8383], [0.0, 0.678, 0.322, 0.8207], [0.088, 0.873, 0.039, -0.6908], [0.528, 0.472, 0.0, -0.7717], [0.0, 0.435, 0.565, 0.5994], [0.083, 0.876, 0.04, -0.4588], [0.0, 0.844, 0.156, 0.9253], [0.05, 0.647, 0.303, 0.9393], [0.049, 0.856, 0.094, 0.611], [0.548, 0.452, 0.0, -0.7243], [0.077, 0.65, 0.272, 0.7003], [0.082, 0.706, 0.212, 0.6588], [0.0, 0.813, 0.187, 0.4574], [0.0, 0.82, 0.18, 0.749], [0.0, 0.639, 0.361, 0.836], [0.108, 0.659, 0.233, 0.8802], [0.225, 0.69, 0.085, -0.8271], [0.0, 0.708, 0.292, 0.7906], [0.388, 0.569, 0.043, -0.9545], [0.167, 0.722, 0.111, -0.9333], [0.0, 0.828, 0.172, 0.3612], [0.044, 0.774, 0.182, 0.8268], [0.163, 0.768, 0.069, -0.9858], [0.0, 0.563, 0.437, 0.9855], [0.0, 0.423, 0.577, 0.6249], [0.18, 0.771, 0.049, -0.4678], [0.0, 0.814, 0.186, 0.5761], [0.0, 0.417, 0.583, 0.7906], [0.0, 0.791, 0.209, 0.7783], [0.0, 0.533, 0.467, 0.8347], [0.0, 0.599, 0.401, 0.6553], [0.108, 0.704, 0.189, 0.9839], [0.371, 0.497, 0.132, -0.8622], [0.068, 0.406, 0.527, 0.9039], [0.097, 0.731, 0.172, 0.4118], [0.303, 0.299, 0.398, 0.3009], [0.062, 0.499, 0.439, 0.9334], [0.093, 0.573, 0.335, 0.6705], [0.059, 0.653, 0.288, 0.9161], [0.0, 0.609, 0.391, 0.6988], [0.059, 0.782, 0.158, 0.6616], [0.059, 0.662, 0.28, 0.9519], [0.157, 0.73, 0.112, -0.3818], [0.0, 0.732, 0.268, 0.5106], [0.0, 0.793, 0.207, 0.8221], [0.109, 0.622, 0.27, 0.4832], [0.139, 0.727, 0.134, -0.3756], [0.206, 0.478, 0.316, 0.3182], [0.076, 0.667, 0.257, 0.5043], [0.0, 0.695, 0.305, 0.69], [0.0, 0.286, 0.714, 0.3612], [0.091, 0.63, 0.28, 0.9348], [0.0, 0.308, 0.692, 0.6696], [0.016, 0.646, 0.338, 0.9911], [0.292, 0.574, 0.134, -0.5106], [0.063, 0.739, 0.198, 0.714], [0.043, 0.719, 0.237, 0.9902], [0.0, 0.892, 0.108, 0.3612], [0.016, 0.808, 0.176, 0.9879], [0.0, 0.638, 0.362, 0.8951], [0.0, 0.955, 0.045, 0.5267], [0.273, 0.273, 0.454, 0.5106], [0.0, 0.734, 0.266, 0.8271], [0.0, 0.656, 0.344, 0.743], [0.047, 0.703, 0.25, 0.9601], [0.0, 0.333, 0.667, 0.9325], [0.113, 0.818, 0.069, -0.5155], [0.279, 0.699, 0.023, -0.9141], [0.064, 0.756, 0.179, 0.9531], [0.0, 0.452, 0.548, 0.7227], [0.225, 0.775, 0.0, -0.8555], [0.0, 0.868, 0.132, 0.4404], [0.0, 0.498, 0.502, 0.9022], [0.102, 0.77, 0.128, 0.6728], [0.0, 0.757, 0.243, 0.8126], [0.0, 0.43, 0.57, 0.6486], [0.0, 0.757, 0.243, 0.8516], [0.142, 0.858, 0.0, -0.4218], [0.051, 0.803, 0.147, 0.8442], [0.0, 0.687, 0.313, 0.4767], [0.295, 0.614, 0.091, -0.9667], [0.071, 0.781, 0.149, 0.5723], [0.104, 0.704, 0.192, 0.8909], [0.0, 0.593, 0.407, 0.9287], [0.0, 0.527, 0.473, 0.6696], [0.409, 0.485, 0.105, -0.6966], [0.03, 0.833, 0.137, 0.7218], [0.0, 0.561, 0.439, 0.8545], [0.072, 0.698, 0.229, 0.775], [0.113, 0.655, 0.233, 0.9838], [0.201, 0.695, 0.104, -0.9286], [0.0, 0.222, 0.778, 0.7901], [0.0, 0.696, 0.304, 0.8282], [0.0, 0.469, 0.531, 0.6739], [0.406, 0.42, 0.175, -0.5106], [0.297, 0.613, 0.09, -0.9993], [0.267, 0.681, 0.052, -0.9371], [0.0, 0.367, 0.633, 0.9298], [0.0, 0.688, 0.312, 0.6219], [0.0, 0.758, 0.242, 0.6249], [0.0, 0.912, 0.088, 0.3612], [0.4, 0.6, 0.0, -0.7184], [0.217, 0.692, 0.091, -0.9553], [0.0, 0.57, 0.43, 0.9199], [0.0, 0.763, 0.237, 0.6808], [0.178, 0.751, 0.071, -0.8225], [0.269, 0.692, 0.039, -0.9867], [0.101, 0.826, 0.073, 0.4173], [0.089, 0.803, 0.108, 0.4767], [0.0, 0.561, 0.439, 0.5719], [0.5, 0.5, 0.0, -0.9186], [0.105, 0.391, 0.504, 0.9049], [0.0, 0.762, 0.238, 0.3612], [0.0, 0.781, 0.219, 0.6369], [0.137, 0.564, 0.3, 0.7574], [0.193, 0.742, 0.065, -0.8748], [0.129, 0.674, 0.196, 0.5242], [0.0, 0.807, 0.193, 0.4767], [0.0, 0.764, 0.236, 0.5719], [0.091, 0.411, 0.498, 0.9713], [0.0, 0.813, 0.187, 0.6563], [0.031, 0.812, 0.156, 0.8591], [0.0, 0.809, 0.191, 0.5826], [0.027, 0.736, 0.237, 0.9914], [0.0, 0.785, 0.215, 0.6249], [0.0, 0.161, 0.839, 0.886], [0.038, 0.814, 0.148, 0.6652], [0.0, 0.884, 0.116, 0.7644], [0.223, 0.607, 0.17, -0.8873], [0.057, 0.57, 0.373, 0.9042], [0.0, 0.139, 0.861, 0.7345], [0.0, 0.656, 0.344, 0.9117], [0.0, 0.898, 0.102, 0.6391], [0.093, 0.728, 0.179, 0.3832], [0.0, 0.588, 0.412, 0.4215], [0.0, 0.659, 0.341, 0.7351], [0.0, 0.79, 0.21, 0.7845], [0.046, 0.842, 0.113, 0.7537], [0.0, 0.698, 0.302, 0.9286], [0.0, 0.531, 0.469, 0.6486], [0.0, 0.741, 0.259, 0.9593], [0.0, 0.455, 0.545, 0.5574], [0.0, 0.644, 0.356, 0.8555], [0.0, 0.656, 0.344, 0.8555], [0.114, 0.444, 0.441, 0.8519], [0.0, 0.802, 0.198, 0.69], [0.0, 0.282, 0.718, 0.8805], [0.104, 0.706, 0.19, 0.5609], [0.054, 0.726, 0.22, 0.8669], [0.0, 0.25, 0.75, 0.7177], [0.0, 0.617, 0.383, 0.886], [0.0, 0.345, 0.655, 0.5859], [0.0, 0.26, 0.74, 0.9081], [0.096, 0.642, 0.262, 0.4767], [0.055, 0.582, 0.363, 0.8757], [0.0, 0.423, 0.577, 0.6249], [0.071, 0.655, 0.274, 0.6174], [0.0, 0.721, 0.279, 0.7003], [0.057, 0.617, 0.326, 0.8979], [0.042, 0.679, 0.279, 0.8869], [0.0, 0.265, 0.735, 0.8074], [0.0, 0.559, 0.441, 0.9274], [0.047, 0.75, 0.203, 0.7918], [0.0, 0.62, 0.38, 0.5994], [0.037, 0.759, 0.204, 0.8392], [0.0, 0.873, 0.127, 0.5847], [0.0, 0.874, 0.126, 0.8131], [0.136, 0.693, 0.171, 0.3404], [0.0, 0.25, 0.75, 0.4588], [0.0, 0.894, 0.106, 0.3612], [0.02, 0.861, 0.12, 0.7053], [0.0, 0.744, 0.256, 0.8042], [0.126, 0.788, 0.086, -0.453], [0.0, 0.334, 0.666, 0.6114], [0.0, 0.264, 0.736, 0.4199], [0.0, 0.503, 0.497, 0.8357], [0.0, 0.654, 0.346, 0.5719], [0.0, 0.634, 0.366, 0.6369], [0.042, 0.891, 0.067, 0.6316], [0.272, 0.518, 0.209, -0.9605], [0.0, 0.683, 0.317, 0.8481], [0.078, 0.741, 0.181, 0.3897], [0.497, 0.371, 0.132, -0.7841], [0.043, 0.861, 0.096, 0.631], [0.013, 0.834, 0.154, 0.9556], [0.0, 0.519, 0.481, 0.5719], [0.0, 0.737, 0.263, 0.3612], [0.0, 0.626, 0.374, 0.8605], [0.0, 0.674, 0.326, 0.4404], [0.0, 0.838, 0.162, 0.835], [0.043, 0.874, 0.083, 0.5789], [0.0, 0.793, 0.207, 0.9604], [0.117, 0.883, 0.0, -0.7054], [0.019, 0.767, 0.215, 0.9873], [0.0, 0.805, 0.195, 0.8166], [0.231, 0.592, 0.178, -0.4019], [0.07, 0.564, 0.367, 0.836], [0.171, 0.677, 0.152, -0.563], [0.0, 0.57, 0.43, 0.7783], [0.0, 0.0, 1.0, 0.3182], [0.0, 0.732, 0.268, 0.8319], [0.029, 0.773, 0.198, 0.9937], [0.013, 0.783, 0.204, 0.965], [0.108, 0.542, 0.349, 0.9387], [0.0, 0.909, 0.091, 0.7163], [0.054, 0.855, 0.091, 0.536], [0.131, 0.822, 0.047, -0.3818], [0.0, 0.772, 0.228, 0.5023], [0.0, 0.9, 0.1, 0.6124], [0.0, 0.735, 0.265, 0.6597], [0.0, 0.615, 0.385, 0.6124], [0.349, 0.456, 0.195, -0.7717], [0.0, 0.0, 1.0, 0.4404], [0.096, 0.546, 0.358, 0.9184], [0.192, 0.725, 0.083, -0.538], [0.162, 0.736, 0.102, -0.5079], [0.339, 0.661, 0.0, -0.4767], [0.112, 0.633, 0.255, 0.5399], [0.298, 0.702, 0.0, -0.8235], [0.625, 0.227, 0.148, -0.6369], [0.185, 0.54, 0.274, 0.6834], [0.0, 0.598, 0.402, 0.8779], [0.0, 0.736, 0.264, 0.5563], [0.065, 0.741, 0.194, 0.867], [0.681, 0.241, 0.078, -0.9001], [0.0, 0.763, 0.237, 0.357], [0.148, 0.786, 0.066, -0.6616], [0.0, 0.367, 0.633, 0.9196], [0.0, 0.722, 0.278, 0.9852], [0.13, 0.681, 0.189, 0.4213], [0.016, 0.795, 0.189, 0.9348], [0.0, 0.878, 0.122, 0.4939], [0.0, 0.861, 0.139, 0.4939], [0.161, 0.73, 0.109, -0.6808], [0.254, 0.746, 0.0, -0.8982], [0.0, 0.805, 0.195, 0.6239], [0.0, 0.821, 0.179, 0.5719], [0.295, 0.597, 0.108, -0.9817], [0.0, 0.837, 0.163, 0.4003], [0.0, 0.671, 0.329, 0.7088], [0.171, 0.752, 0.078, -0.4039], [0.767, 0.233, 0.0, -0.763], [0.0, 0.481, 0.519, 0.6597], [0.056, 0.763, 0.181, 0.7574], [0.733, 0.267, 0.0, -0.6705], [0.086, 0.691, 0.222, 0.742], [0.0, 0.667, 0.333, 0.3612], [0.053, 0.67, 0.277, 0.973], [0.0, 0.592, 0.408, 0.7351], [0.345, 0.591, 0.064, -0.7717], [0.0, 0.821, 0.179, 0.7088], [0.0, 0.753, 0.247, 0.8588], [0.0, 0.213, 0.787, 0.5719], [0.0, 0.523, 0.477, 0.75], [0.358, 0.642, 0.0, -0.931], [0.0, 0.857, 0.143, 0.3612], [0.0, 0.844, 0.156, 0.5704], [0.0, 0.545, 0.455, 0.3612], [0.231, 0.731, 0.038, -0.9903], [0.048, 0.786, 0.166, 0.9774], [0.08, 0.691, 0.229, 0.9281], [0.0, 0.328, 0.672, 0.882], [0.0, 0.85, 0.15, 0.3182], [0.0, 0.611, 0.389, 0.8016], [0.0, 0.798, 0.202, 0.5093], [0.187, 0.708, 0.105, -0.9903], [0.0, 0.85, 0.15, 0.3566], [0.0, 0.741, 0.259, 0.6808], [0.0, 0.484, 0.516, 0.8925], [0.069, 0.485, 0.446, 0.9632], [0.099, 0.678, 0.223, 0.9344], [0.0, 0.545, 0.455, 0.3612], [0.164, 0.836, 0.0, -0.736], [0.039, 0.829, 0.132, 0.7424], [0.199, 0.648, 0.153, -0.8693], [0.0, 0.713, 0.287, 0.9633], [0.02, 0.737, 0.244, 0.9535], [0.268, 0.732, 0.0, -0.765], [0.0, 0.361, 0.639, 0.6486], [0.384, 0.616, 0.0, -0.6808], [0.058, 0.808, 0.135, 0.663], [0.0, 0.707, 0.293, 0.4404], [0.0, 0.682, 0.318, 0.4215], [0.05, 0.782, 0.168, 0.8722], [0.056, 0.817, 0.127, 0.3818], [0.352, 0.562, 0.086, -0.8426], [0.075, 0.769, 0.156, 0.6597], [0.0, 0.885, 0.115, 0.3802], [0.069, 0.737, 0.194, 0.965], [0.052, 0.727, 0.221, 0.8347], [0.239, 0.713, 0.048, -0.9569], [0.18, 0.82, 0.0, -0.8214], [0.042, 0.747, 0.212, 0.9659], [0.0, 0.406, 0.594, 0.8818], [0.0, 0.488, 0.512, 0.8126], [0.03, 0.87, 0.1, 0.9185], [0.0, 0.662, 0.338, 0.8264], [0.206, 0.676, 0.118, -0.4767], [0.05, 0.821, 0.129, 0.4941], [0.199, 0.801, 0.0, -0.3506], [0.0, 0.864, 0.136, 0.7845], [0.0, 0.656, 0.344, 0.7424], [0.094, 0.642, 0.265, 0.9829], [0.081, 0.744, 0.175, 0.8531], [0.0, 0.866, 0.134, 0.636], [0.037, 0.524, 0.439, 0.9545], [0.0, 0.825, 0.175, 0.8118], [0.0, 0.667, 0.333, 0.4588], [0.027, 0.816, 0.158, 0.9554], [0.202, 0.798, 0.0, -0.4201], [0.1, 0.689, 0.211, 0.3434], [0.244, 0.625, 0.131, -0.6345], [0.111, 0.606, 0.283, 0.5267], [0.0, 0.656, 0.344, 0.743], [0.0, 0.597, 0.403, 0.4019], [0.182, 0.614, 0.204, 0.4836], [0.0, 0.771, 0.229, 0.964], [0.0, 0.393, 0.607, 0.9168], [0.08, 0.658, 0.262, 0.8941], [0.071, 0.798, 0.131, 0.3574], [0.0, 0.51, 0.49, 0.5859], [0.0, 0.707, 0.293, 0.7003], [0.071, 0.765, 0.164, 0.4767], [0.2, 0.707, 0.093, -0.8668], [0.0, 0.814, 0.186, 0.4926], [0.022, 0.844, 0.134, 0.8439], [0.0, 0.718, 0.282, 0.7096], [0.069, 0.735, 0.195, 0.9388], [0.086, 0.808, 0.107, 0.3368], [0.024, 0.764, 0.212, 0.9716], [0.176, 0.433, 0.391, 0.9163], [0.11, 0.671, 0.218, 0.7301], [0.0, 0.795, 0.205, 0.5574], [0.0, 0.741, 0.259, 0.9062], [0.0, 0.82, 0.18, 0.872], [0.0, 0.796, 0.204, 0.9196], [0.0, 0.845, 0.155, 0.4678], [0.011, 0.857, 0.131, 0.964], [0.0, 0.6, 0.4, 0.7184], [0.0, 0.326, 0.674, 0.967], [0.0, 0.542, 0.458, 0.8932], [0.137, 0.611, 0.253, 0.6406], [0.067, 0.814, 0.119, 0.5542], [0.0, 0.294, 0.706, 0.8622], [0.194, 0.806, 0.0, -0.5574], [0.0, 0.915, 0.085, 0.4389], [0.179, 0.46, 0.361, 0.3343], [0.0, 0.531, 0.469, 0.7345], [0.0, 0.814, 0.186, 0.9047], [0.0, 0.48, 0.52, 0.7574], [0.0, 0.313, 0.687, 0.7639], [0.063, 0.419, 0.518, 0.9543], [0.28, 0.628, 0.092, -0.906], [0.018, 0.744, 0.238, 0.9842], [0.24, 0.732, 0.028, -0.9186], [0.052, 0.664, 0.284, 0.9523], [0.167, 0.343, 0.49, 0.765], [0.134, 0.739, 0.127, -0.3818], [0.046, 0.501, 0.453, 0.9509], [0.0, 0.773, 0.227, 0.6652], [0.079, 0.751, 0.17, 0.9987], [0.0, 0.765, 0.235, 0.8481], [0.028, 0.755, 0.216, 0.9944], [0.369, 0.587, 0.044, -0.921], [0.0, 0.641, 0.359, 0.4215], [0.0, 0.791, 0.209, 0.9274], [0.0, 0.818, 0.182, 0.5664], [0.0, 0.086, 0.914, 0.8904], [0.0, 0.286, 0.714, 0.7579], [0.115, 0.671, 0.214, 0.6119], [0.106, 0.848, 0.046, -0.3071], [0.0, 0.367, 0.633, 0.7841], [0.065, 0.704, 0.231, 0.5106], [0.439, 0.467, 0.093, -0.9538], [0.105, 0.536, 0.359, 0.9561], [0.108, 0.892, 0.0, -0.3182], [0.825, 0.175, 0.0, -0.9337], [0.0, 0.68, 0.32, 0.5106], [0.137, 0.579, 0.284, 0.4228], [0.124, 0.599, 0.276, 0.5106], [0.112, 0.806, 0.082, -0.5027], [0.0, 0.743, 0.257, 0.8655], [0.214, 0.626, 0.16, -0.4939], [0.056, 0.641, 0.302, 0.8906], [0.054, 0.759, 0.187, 0.5696], [0.0, 0.885, 0.115, 0.6298], [0.0, 0.823, 0.177, 0.9091], [0.0, 0.276, 0.724, 0.8591], [0.0, 0.581, 0.419, 0.5574], [0.027, 0.873, 0.1, 0.9771], [0.182, 0.706, 0.111, -0.6158], [0.105, 0.631, 0.264, 0.7964], [0.0, 0.435, 0.565, 0.8934], [0.361, 0.544, 0.095, -0.9136], [0.0, 0.685, 0.315, 0.9153], [0.054, 0.763, 0.183, 0.5719], [0.128, 0.816, 0.056, -0.7528], [0.0, 0.0, 1.0, 0.7003], [0.169, 0.831, 0.0, -0.567], [0.0, 0.787, 0.213, 0.6199], [0.103, 0.75, 0.147, 0.3989], [0.0, 0.749, 0.251, 0.7206], [0.0, 0.747, 0.253, 0.7543], [0.0, 0.427, 0.573, 0.7717], [0.026, 0.584, 0.39, 0.9857], [0.026, 0.867, 0.107, 0.5653], [0.0, 0.757, 0.243, 0.6983], [0.059, 0.795, 0.146, 0.9042], [0.041, 0.821, 0.138, 0.5106], [0.0, 0.565, 0.435, 0.4738], [0.244, 0.633, 0.123, -0.911], [0.086, 0.706, 0.208, 0.4753], [0.0, 0.521, 0.479, 0.5574], [0.088, 0.721, 0.191, 0.5106], [0.33, 0.61, 0.06, -0.9314], [0.0, 0.933, 0.067, 0.4588], [0.061, 0.838, 0.101, 0.9117], [0.07, 0.81, 0.119, 0.3182], [0.102, 0.703, 0.194, 0.4105], [0.103, 0.361, 0.536, 0.855], [0.267, 0.669, 0.064, -0.9784], [0.0, 0.264, 0.736, 0.4199], [0.0, 0.767, 0.233, 0.5632], [0.086, 0.611, 0.303, 0.7717], [0.189, 0.74, 0.071, -0.9312], [0.0, 0.737, 0.263, 0.6124], [0.0, 0.711, 0.289, 0.5719], [0.0, 0.823, 0.177, 0.4215], [0.0, 0.823, 0.177, 0.4215], [0.012, 0.518, 0.47, 0.9929], [0.137, 0.772, 0.09, -0.5574], [0.085, 0.853, 0.063, -0.3736], [0.214, 0.706, 0.08, -0.7622], [0.031, 0.74, 0.229, 0.9441], [0.034, 0.8, 0.166, 0.8481], [0.126, 0.841, 0.033, -0.7269], [0.263, 0.546, 0.191, -0.9083], [0.0, 0.2, 0.8, 0.6114], [0.0, 0.633, 0.367, 0.891], [0.302, 0.525, 0.174, -0.9312], [0.241, 0.707, 0.052, -0.989], [0.154, 0.577, 0.269, 0.4215], [0.386, 0.468, 0.146, -0.6249], [0.0, 0.861, 0.139, 0.4404], [0.0, 0.433, 0.567, 0.8957], [0.0, 0.839, 0.161, 0.3612], [0.044, 0.619, 0.336, 0.9622], [0.171, 0.829, 0.0, -0.6808], [0.187, 0.718, 0.095, -0.7575], [0.0, 0.2, 0.8, 0.6114], [0.104, 0.541, 0.355, 0.8164], [0.0, 0.508, 0.492, 0.9118], [0.027, 0.722, 0.252, 0.8979], [0.0, 0.361, 0.639, 0.9345], [0.387, 0.504, 0.109, -0.9672], [0.182, 0.792, 0.026, -0.9295], [0.2, 0.769, 0.031, -0.8273], [0.0, 0.25, 0.75, 0.4588], [0.099, 0.494, 0.407, 0.8176], [0.024, 0.776, 0.2, 0.9972], [0.094, 0.714, 0.191, 0.7905], [0.0, 0.413, 0.587, 0.6901], [0.22, 0.63, 0.15, -0.5994], [0.0, 0.388, 0.612, 0.8353], [0.0, 0.256, 0.744, 0.4404], [0.026, 0.82, 0.154, 0.872], [0.0, 0.707, 0.293, 0.8808], [0.092, 0.734, 0.173, 0.6474], [0.0, 0.828, 0.172, 0.5806], [0.03, 0.903, 0.066, 0.6739], [0.0, 0.359, 0.641, 0.5538], [0.195, 0.627, 0.178, -0.7252], [0.0, 0.698, 0.302, 0.8591], [0.0, 0.779, 0.221, 0.502], [0.0, 0.82, 0.18, 0.9468], [0.0, 0.612, 0.388, 0.765], [0.214, 0.483, 0.303, 0.3164], [0.0, 0.765, 0.235, 0.4714], [0.049, 0.597, 0.354, 0.8481], [0.055, 0.706, 0.238, 0.8074], [0.0, 0.674, 0.326, 0.4404], [0.067, 0.674, 0.259, 0.9489], [0.0, 0.536, 0.464, 0.3818], [0.0, 0.334, 0.666, 0.6114], [0.077, 0.692, 0.231, 0.814], [0.0, 0.537, 0.463, 0.9923], [0.0, 0.435, 0.565, 0.5994], [0.0, 0.647, 0.353, 0.8746], [0.067, 0.814, 0.119, 0.4215], [0.113, 0.817, 0.07, -0.4523], [0.0, 0.618, 0.382, 0.9572], [0.217, 0.686, 0.097, -0.9008], [0.0, 0.238, 0.762, 0.4939], [0.0, 0.518, 0.482, 0.4199], [0.22, 0.711, 0.068, -0.9704], [0.054, 0.744, 0.202, 0.9367], [0.047, 0.766, 0.187, 0.9954], [0.345, 0.655, 0.0, -0.7499], [0.0, 0.838, 0.162, 0.4404], [0.238, 0.616, 0.146, -0.8253], [0.032, 0.756, 0.212, 0.8088], [0.362, 0.638, 0.0, -0.5267], [0.246, 0.741, 0.013, -0.976], [0.066, 0.682, 0.252, 0.811], [0.0, 0.556, 0.444, 0.4939], [0.0, 0.631, 0.369, 0.8658], [0.0, 0.441, 0.559, 0.9134], [0.134, 0.448, 0.417, 0.8877], [0.135, 0.615, 0.25, 0.4199], [0.271, 0.707, 0.022, -0.9255], [0.179, 0.786, 0.036, -0.7181], [0.0, 0.772, 0.228, 0.8778], [0.019, 0.9, 0.081, 0.5789], [0.0, 0.777, 0.223, 0.3182], [0.12, 0.748, 0.133, 0.6236], [0.0, 0.588, 0.412, 0.4215], [0.0, 0.465, 0.535, 0.3182], [0.0, 0.393, 0.607, 0.4754], [0.2, 0.684, 0.116, -0.7227], [0.0, 0.341, 0.659, 0.8652], [0.122, 0.594, 0.284, 0.791], [0.0, 0.591, 0.409, 0.8402], [0.0, 0.694, 0.306, 0.4738], [0.0, 0.484, 0.516, 0.4939], [0.0, 0.351, 0.649, 0.5719], [0.033, 0.721, 0.246, 0.8847], [0.0, 0.829, 0.171, 0.6794], [0.0, 0.67, 0.33, 0.7096], [0.0, 0.815, 0.185, 0.807], [0.076, 0.887, 0.036, -0.3071], [0.0, 0.545, 0.455, 0.3612], [0.0, 0.462, 0.538, 0.9323], [0.0, 0.902, 0.098, 0.3612], [0.0, 0.745, 0.255, 0.8037], [0.0, 0.617, 0.383, 0.7351], [0.0, 0.686, 0.314, 0.6696], [0.0, 0.84, 0.16, 0.8126], [0.0, 0.552, 0.448, 0.7568], [0.0, 0.803, 0.197, 0.4019], [0.191, 0.542, 0.267, 0.6858], [0.257, 0.595, 0.149, -0.6115], [0.0, 0.866, 0.134, 0.474], [0.0, 0.526, 0.474, 0.4019], [0.0, 0.556, 0.444, 0.9863], [0.0, 0.728, 0.272, 0.9399], [0.134, 0.708, 0.158, 0.4165], [0.116, 0.653, 0.231, 0.937], [0.039, 0.714, 0.247, 0.9181], [0.0, 0.2, 0.8, 0.6114], [0.198, 0.723, 0.079, -0.5878], [0.175, 0.753, 0.072, -0.5046], [0.024, 0.926, 0.05, 0.34], [0.082, 0.653, 0.265, 0.6696], [0.157, 0.766, 0.077, -0.7003], [0.206, 0.758, 0.036, -0.802], [0.085, 0.742, 0.172, 0.9543], [0.0, 0.577, 0.423, 0.6588], [0.234, 0.292, 0.474, 0.3919], [0.088, 0.912, 0.0, -0.631], [0.0, 0.521, 0.479, 0.5574], [0.0, 0.839, 0.161, 0.3612], [0.208, 0.709, 0.083, -0.9032], [0.0, 0.588, 0.412, 0.4215], [0.0, 0.707, 0.293, 0.3593], [0.0, 0.483, 0.517, 0.8636], [0.063, 0.586, 0.352, 0.936], [0.0, 0.268, 0.732, 0.8478], [0.0, 0.494, 0.506, 0.9889], [0.0, 0.704, 0.296, 0.6369], [0.067, 0.668, 0.265, 0.8126], [0.667, 0.0, 0.333, -0.3612], [0.0, 0.543, 0.457, 0.6369], [0.0, 0.746, 0.254, 0.9625], [0.119, 0.831, 0.05, -0.7693], [0.0, 0.828, 0.172, 0.7845], [0.0, 0.94, 0.06, 0.3899], [0.062, 0.694, 0.244, 0.8807], [0.0, 0.0, 1.0, 0.5707], [0.0, 0.85, 0.15, 0.782], [0.0, 0.66, 0.34, 0.9246], [0.262, 0.633, 0.104, -0.5423], [0.03, 0.9, 0.069, 0.4645], [0.047, 0.823, 0.13, 0.6801], [0.102, 0.693, 0.205, 0.8659], [0.079, 0.729, 0.192, 0.4336], [0.0, 0.805, 0.195, 0.4404], [0.259, 0.741, 0.0, -0.4201], [0.137, 0.863, 0.0, -0.4019], [0.0, 0.667, 0.333, 0.6688], [0.052, 0.747, 0.201, 0.9704], [0.228, 0.611, 0.161, -0.34], [0.0, 0.7, 0.3, 0.4588], [0.123, 0.564, 0.313, 0.6588], [0.165, 0.549, 0.286, 0.4559], [0.0, 0.765, 0.235, 0.5106], [0.0, 0.753, 0.247, 0.6792], [0.214, 0.447, 0.339, 0.3415], [0.0, 0.323, 0.677, 0.8878], [0.181, 0.631, 0.188, 0.4109], [0.214, 0.513, 0.273, 0.3397], [0.0, 0.649, 0.351, 0.5013], [0.069, 0.663, 0.268, 0.9184], [0.077, 0.766, 0.157, 0.6114], [0.0, 0.518, 0.482, 0.4199], [0.07, 0.704, 0.226, 0.97], [0.073, 0.785, 0.142, 0.4287], [0.118, 0.597, 0.285, 0.7989], [0.0, 0.798, 0.202, 0.5106], [0.0, 0.615, 0.385, 0.3612], [0.046, 0.843, 0.111, 0.6124], [0.0, 0.849, 0.151, 0.8591], [0.0, 0.589, 0.411, 0.9322], [0.134, 0.396, 0.47, 0.7771], [0.0, 0.863, 0.137, 0.9266], [0.0, 0.279, 0.721, 0.9168], [0.068, 0.732, 0.201, 0.4421], [0.049, 0.674, 0.277, 0.9387], [0.0, 0.858, 0.142, 0.5843], [0.379, 0.621, 0.0, -0.8957], [0.064, 0.762, 0.174, 0.4678], [0.041, 0.82, 0.139, 0.6996], [0.172, 0.828, 0.0, -0.83], [0.187, 0.714, 0.099, -0.3834], [0.131, 0.618, 0.25, 0.9591], [0.03, 0.738, 0.233, 0.805], [0.0, 0.938, 0.062, 0.3182], [0.0, 0.471, 0.529, 0.6696], [0.0, 0.612, 0.388, 0.5859], [0.0, 0.628, 0.372, 0.9349], [0.021, 0.724, 0.255, 0.9508], [0.0, 0.786, 0.214, 0.9324], [0.135, 0.562, 0.303, 0.4588], [0.093, 0.663, 0.244, 0.8402], [0.0, 0.615, 0.385, 0.9371], [0.0, 0.385, 0.615, 0.4939], [0.065, 0.745, 0.191, 0.9603], [0.0, 0.221, 0.779, 0.7925], [0.0, 0.621, 0.379, 0.7717], [0.0, 0.663, 0.337, 0.6808], [0.0, 0.38, 0.62, 0.8684], [0.0, 0.1, 0.9, 0.8402], [0.216, 0.703, 0.081, -0.9912], [0.195, 0.805, 0.0, -0.4404], [0.016, 0.85, 0.134, 0.9746], [0.053, 0.818, 0.129, 0.4404], [0.225, 0.775, 0.0, -0.8519], [0.218, 0.685, 0.097, -0.9707], [0.067, 0.795, 0.138, 0.9196], [0.0, 0.594, 0.406, 0.6249], [0.0, 0.0, 1.0, 0.5411], [0.0, 0.881, 0.119, 0.6283], [0.0, 0.741, 0.259, 0.4215], [0.0, 0.784, 0.216, 0.5927], [0.0, 0.736, 0.264, 0.7783], [0.007, 0.834, 0.159, 0.9753], [0.0, 0.727, 0.273, 0.906], [0.0, 0.761, 0.239, 0.9313], [0.2, 0.663, 0.137, -0.7144], [0.0, 0.446, 0.554, 0.9081], [0.0, 0.145, 0.855, 0.7096], [0.236, 0.653, 0.111, -0.5423], [0.167, 0.417, 0.416, 0.5255], [0.22, 0.476, 0.304, 0.5106], [0.078, 0.62, 0.302, 0.9935], [0.0, 0.264, 0.736, 0.4199], [0.0, 0.192, 0.808, 0.6369], [0.0, 0.0, 1.0, 0.4926], [0.185, 0.688, 0.126, -0.928], [0.0, 0.585, 0.415, 0.8176], [0.12, 0.835, 0.046, -0.4278], [0.0, 0.885, 0.115, 0.75], [0.081, 0.761, 0.159, 0.8225], [0.092, 0.521, 0.386, 0.949], [0.071, 0.79, 0.138, 0.6928], [0.0, 0.716, 0.284, 0.9377], [0.109, 0.445, 0.445, 0.8074], [0.195, 0.403, 0.403, 0.4767], [0.0, 0.505, 0.495, 0.5978], [0.0, 0.182, 0.818, 0.6696], [0.0, 0.746, 0.254, 0.9594], [0.0, 0.723, 0.277, 0.925], [0.034, 0.623, 0.343, 0.963], [0.524, 0.476, 0.0, -0.5106], [0.0, 0.914, 0.086, 0.4939], [0.032, 0.682, 0.286, 0.9656], [0.0, 0.918, 0.082, 0.3612], [0.494, 0.506, 0.0, -0.5994], [0.0, 0.756, 0.244, 0.4404], [0.0, 0.563, 0.437, 0.8519], [0.0, 0.0, 1.0, 0.636], [0.175, 0.695, 0.13, -0.8689], [0.145, 0.794, 0.06, -0.949], [0.021, 0.909, 0.069, 0.4185], [0.0, 0.588, 0.412, 0.4215], [0.0, 0.837, 0.163, 0.6652], [0.0, 0.798, 0.202, 0.6767], [0.105, 0.504, 0.391, 0.9279], [0.253, 0.6, 0.148, -0.6369], [0.0, 0.926, 0.074, 0.4019], [0.127, 0.636, 0.237, 0.6908], [0.0, 0.5, 0.5, 0.4588], [0.082, 0.462, 0.456, 0.8074], [0.322, 0.678, 0.0, -0.6329], [0.076, 0.678, 0.246, 0.9985], [0.0, 0.669, 0.331, 0.7845], [0.333, 0.524, 0.143, -0.7325], [0.0, 0.779, 0.221, 0.7964], [0.115, 0.623, 0.262, 0.5994], [0.0, 0.881, 0.119, 0.4019], [0.022, 0.881, 0.096, 0.3818], [0.0, 0.729, 0.271, 0.9663], [0.153, 0.697, 0.15, -0.7753], [0.197, 0.473, 0.33, 0.4003], [0.0, 0.719, 0.281, 0.8126], [0.0, 0.597, 0.403, 0.7751], [0.0, 0.803, 0.197, 0.8519], [0.024, 0.679, 0.297, 0.955], [0.0, 0.755, 0.245, 0.7351], [0.0, 0.711, 0.289, 0.7845], [0.036, 0.803, 0.161, 0.9062], [0.056, 0.813, 0.131, 0.7488], [0.0, 0.115, 0.885, 0.8286], [0.0, 0.29, 0.71, 0.9401], [0.0, 0.565, 0.435, 0.6597], [0.0, 0.866, 0.134, 0.765], [0.0, 0.775, 0.225, 0.4404], [0.054, 0.701, 0.245, 0.7269], [0.024, 0.665, 0.311, 0.9839], [0.0, 0.721, 0.279, 0.4767], [0.0, 0.595, 0.405, 0.8338], [0.218, 0.782, 0.0, -0.6486], [0.0, 0.594, 0.406, 0.6249], [0.216, 0.309, 0.475, 0.5187], [0.076, 0.63, 0.294, 0.8392], [0.0, 0.719, 0.281, 0.802], [0.0, 0.903, 0.097, 0.4019], [0.0, 0.686, 0.314, 0.4939], [0.0, 0.85, 0.15, 0.8126], [0.177, 0.823, 0.0, -0.3919], [0.0, 0.714, 0.286, 0.4215], [0.671, 0.143, 0.186, -0.6597], [0.324, 0.612, 0.064, -0.9956], [0.016, 0.747, 0.237, 0.9663], [0.0, 0.769, 0.231, 0.7351], [0.0, 0.814, 0.186, 0.6696], [0.0, 0.859, 0.141, 0.4215], [0.546, 0.454, 0.0, -0.3412], [0.054, 0.791, 0.155, 0.7581], [0.0, 0.795, 0.205, 0.8494], [0.0, 0.794, 0.206, 0.5994], [0.0, 0.752, 0.248, 0.765], [0.062, 0.751, 0.187, 0.842], [0.129, 0.484, 0.387, 0.7003], [0.277, 0.665, 0.058, -0.8485], [0.206, 0.794, 0.0, -0.631], [0.0, 0.853, 0.147, 0.8316], [0.0, 0.397, 0.603, 0.8442], [0.0, 0.351, 0.649, 0.5719], [0.0, 0.381, 0.619, 0.908], [0.13, 0.764, 0.107, -0.8081], [0.0, 0.625, 0.375, 0.6369], [0.0, 0.0, 1.0, 0.4215], [0.148, 0.852, 0.0, -0.6586], [0.142, 0.578, 0.28, 0.4767], [0.112, 0.708, 0.18, 0.5106], [0.151, 0.78, 0.068, -0.4019], [0.0, 0.73, 0.27, 0.8497], [0.078, 0.91, 0.011, -0.8271], [0.023, 0.667, 0.31, 0.9687], [0.08, 0.622, 0.298, 0.9316], [0.0, 0.892, 0.108, 0.7405], [0.0, 0.553, 0.447, 0.9595], [0.0, 0.796, 0.204, 0.3182], [0.0, 0.778, 0.222, 0.8555], [0.0, 0.418, 0.582, 0.903], [0.0, 0.838, 0.162, 0.5661], [0.0, 0.913, 0.087, 0.3182], [0.3, 0.57, 0.13, -0.8067], [0.273, 0.611, 0.116, -0.9968], [0.088, 0.685, 0.227, 0.7579], [0.0, 0.7, 0.3, 0.4588], [0.0, 0.263, 0.737, 0.4215], [0.032, 0.831, 0.137, 0.6542], [0.0, 0.776, 0.224, 0.8553], [0.133, 0.867, 0.0, -0.3182], [0.088, 0.694, 0.217, 0.4753], [0.0, 0.313, 0.687, 0.6588], [0.166, 0.579, 0.254, 0.6705], [0.0, 0.737, 0.263, 0.3612], [0.204, 0.796, 0.0, -0.4767], [0.229, 0.691, 0.08, -0.875], [0.0, 0.537, 0.463, 0.784], [0.0, 0.623, 0.377, 0.6642